ANN4 dos opens >0.5 >0.15 inf 1

#prob      #exp      #gen     |sol|    tiempo maxsubopt
    1        42       103        42      0.20
    2        45       109        45      0.17
    3        42       100        42      0.16
    4        41        99        41      0.16
    5        44       104        44      0.16
    6        46       107        46      0.18
    7        53       120        53      0.17
    8        47       117        47      0.16
    9        46       110        46      0.16
   10        46       105        46      0.16
   11       817      1873        68      1.00
   12       490      1124        61      0.59
   13       641      1423        55      0.71
   14      1240      2837        47      1.21
   15       139       322        62      0.23
   16      1948      4519        50      1.90
   17       692      1544        57      0.75
   18       441      1000        60      0.48
   19      3427      7801        71      3.08
   20       951      2126        45      0.95
   21       548      1263        58      0.62
   22      1139      2565        54      1.23
   23      2149      4825        68      1.93
   24       857      1944        52      0.88
   25       952      2124        59      1.08
   26        57       134        57      0.17
   27      1385      3155        62      1.23
   28        52       119        52      0.16
   29       359       823        61      0.41
   30      1071      2421        71      1.05
   31       293       626        63      0.43
   32       198       449        55      0.35
   33      2010      4532        58      1.93
   34       472      1093        46      0.58
   35       374       810        74      0.49
   36      2646      5870        53      2.44
   37       716      1652        57      0.77
   38      1729      3911        70      1.58
   39       241       557        57      0.39
   40       149       358        63      0.24
   41       215       504        65      0.49
   42       357       828        71      0.48
   43       245       554        62      0.39
   44       700      1580        74      0.75
   45       638      1443        66      0.71
   46       857      1899        74      0.88
   47       913      2076        60      0.94
   48       340       770        54      0.58
   49      2793      6255        63      2.46
   50      1836      4183        58      1.83
   51      1176      2640        58      1.13
   52      1588      3641        68      1.48
   53       215       499        61      0.36
   54        77       171        56      0.18
   55       255       594        53      0.52
   56      1753      4033        56      1.59
   57       430       986        55      0.54
   58      2221      5154        62      2.11
   59       539      1220        65      0.62
   60      3363      7504        64      3.02
   61       966      2194        56      0.97
   62       958      2195        63      0.97
   63       803      1793        65      0.84
   64      1067      2379        60      1.10
   65       699      1666        65      0.76
   66       994      2238        71      0.92
   67       902      2066        63      0.92
   68      1723      3978        60      1.71
   69      1298      2989        62      1.24
   70       225       527        64      0.38
   71      2576      5948        71      2.39
   72       222       494        60      0.37
   73       841      1957        70      0.88
   74      1074      2373        62      1.06
   75      2819      6499        66      2.59
   76      6740     15630        57      5.92
   77       205       447        61      0.36
   78      1378      3132        68      1.30
   79      1951      4376        65      1.76
   80      1302      2920        68      1.38
   81      1606      3642        54      1.49
   82      1852      4178        80      1.80
   83       363       814        66      0.48
   84      3910      8913        66      3.46
   85      2095      4798        65      1.89
   86       676      1545        63      0.74
   87      4508     10187        80      4.09
   88      2172      4957        65      1.94
   89       497      1131        61      0.58
   90      1852      4142        64      1.80
   91      1887      4171        72      1.62
   92       705      1588        65      0.76
   93      2734      6179        61      2.53
   94      1010      2339        71      1.00
   95     12650     27901        81     10.78
   96      2660      5860        69      2.48
   97      2416      5414        71      2.13
   98      3706      8417        82      3.28
   99       980      2183        80      0.98
  100      1981      4579        81      1.78
Tiempo total:        125.02
Expansiones totales: 128149
Costo total:         6137

