00 5 9 7 11 10 14 13 8 6 12 2 15 1 3 4 0
01 14 9 13 12 5 7 4 11 0 10 3 8 1 6 15 2
02 14 9 13 12 5 7 3 4 15 1 11 8 6 0 10 2
03 11 0 13 2 5 4 14 1 6 8 9 15 7 10 3 12
04 0 13 5 8 4 11 6 1 7 10 2 15 3 9 12 14
05 0 7 5 8 4 3 1 13 11 6 2 15 9 12 10 14
06 4 9 7 8 3 6 10 1 5 12 11 13 0 2 14 15
07 0 4 9 7 6 3 1 8 12 10 11 13 5 2 14 15
08 6 3 1 4 12 13 5 9 8 10 2 0 15 14 11 7
09 12 15 8 5 2 9 3 6 0 10 13 4 14 11 7 1
10 14 12 15 0 11 10 2 8 7 6 4 5 1 13 9 3 
11 12 15 7 8 1 11 14 2 4 10 5 3 13 6 9 0
12 5 1 12 11 4 13 0 15 9 6 7 10 3 8 14 2
13 4 15 12 10 1 5 13 0 3 9 6 8 11 14 2 7
14 1 4 5 15 0 2 11 13 7 9 10 14 3 8 6 12
15 7 5 15 13 2 9 11 0 4 8 1 14 3 6 10 12
16 3 0 2 15 8 4 5 7 10 6 13 9 12 11 1 14
17 8 3 2 15 11 4 9 14 1 12 5 0 13 10 7 6
18 3 4 2 0 8 10 7 1 13 15 11 9 6 14 5 12
19 6 13 8 0 12 5 7 3 9 10 14 15 2 11 1 4
20 9 12 0 5 11 2 7 13 1 4 6 3 10 15 8 14
21 10 1 2 5 15 0 12 13 11 9 6 3 8 7 4 14
22 15 10 2 5 8 6 12 13 4 1 11 7 0 9 14 3
23 0 15 12 2 6 1 5 11 10 4 14 7 8 9 3 13
24 6 4 1 0 8 13 15 12 9 14 10 2 3 5 7 11
25 13 6 4 0 9 8 15 1 3 14 7 10 11 5 2 12
26 11 3 9 6 8 13 0 4 5 14 15 7 2 12 10 1
27 2 8 6 4 13 12 11 7 9 0 3 1 10 5 14 15
28 0 5 11 13 8 10 9 2 14 1 7 6 12 15 3 4
29 12 10 5 0 15 8 14 11 1 9 7 13 3 6 4 2
30 7 9 1 8 3 14 15 0 6 13 11 12 2 5 4 10
31 1 8 15 0 7 2 9 14 5 3 6 11 4 13 10 12
32 0 15 2 8 1 5 11 14 10 13 3 9 7 4 12 6
33 10 5 1 2 15 7 9 0 13 4 8 14 6 11 3 12
34 10 7 5 0 4 15 2 9 13 11 12 1 14 8 3 6
35 13 4 10 12 14 1 15 5 8 3 9 7 11 2 6 0
36 11 4 10 0 13 14 5 1 6 8 15 12 2 3 7 9
37 7 3 11 13 15 2 4 10 0 8 5 1 6 14 9 12
38 7 3 11 13 6 4 5 9 15 2 1 10 8 14 12 0
39 4 15 8 6 12 2 3 7 9 14 5 10 0 13 1 11
40 12 4 5 15 0 2 14 3 9 10 11 8 13 1 6 7
41 9 14 15 12 13 2 7 4 8 1 5 3 10 0 11 6
42 14 15 12 0 9 2 4 3 1 13 8 11 10 5 7 6
43 8 10 2 6 5 4 1 9 7 13 11 15 14 3 12 0
44 5 0 1 2 8 4 11 10 14 13 7 6 3 12 15 9
45 3 13 4 8 14 7 10 2 1 12 15 11 0 9 6 5
46 14 0 3 8 10 1 13 7 9 15 12 2 6 5 4 11
47 9 10 14 0 11 5 3 1 6 12 15 7 13 4 2 8
48 0 6 10 14 13 9 3 11 2 8 15 1 5 12 4 7
49 13 6 9 15 1 4 8 2 7 11 10 3 12 5 14 0
