00 6 7 5 4 9 13 0 12 15 1 10 3 11 8 14 2
00 1 6 11 15 13 4 7 5 8 9 10 3 14 0 12 2
00 12 8 13 14 10 9 4 11 0 2 5 1 7 3 15 6
00 10 12 8 0 15 2 3 13 7 1 5 9 6 11 14 4
00 11 0 3 12 15 7 10 13 2 6 5 8 4 14 1 9
00 4 15 12 0 14 10 3 11 2 1 13 6 7 9 5 8
00 8 2 10 4 14 7 3 15 9 11 13 0 5 6 1 12
00 2 3 10 13 8 14 7 0 9 5 11 4 6 1 15 12
00 5 9 13 8 6 10 4 0 1 14 12 2 11 15 7 3
00 1 6 13 8 9 10 15 5 11 7 2 12 14 3 0 4
00 13 2 1 8 0 6 3 5 4 14 9 7 10 12 11 15
00 12 2 8 1 4 13 5 0 11 10 15 6 9 14 7 3
00 9 2 8 4 14 0 12 1 5 11 13 15 10 7 3 6
00 9 8 12 4 5 1 7 15 10 11 14 6 13 0 3 2
00 9 0 1 8 5 3 4 12 10 14 2 11 13 15 6 7
00 1 9 5 3 10 13 12 8 15 7 14 4 6 0 11 2
00 15 1 9 0 6 10 12 5 7 13 14 3 11 2 4 8
00 7 1 15 9 2 13 6 5 8 11 4 12 14 3 10 0
00 0 8 11 9 7 1 10 6 2 15 12 4 14 13 5 3
00 15 10 8 2 6 11 9 7 14 1 0 4 13 5 12 3
00 1 11 5 9 13 0 14 15 12 2 6 10 7 4 8 3
00 2 14 5 1 4 6 12 11 0 13 7 9 8 3 10 15
00 3 4 14 12 6 13 2 5 8 15 7 11 10 9 0 1
00 2 8 14 6 0 3 7 12 4 1 15 5 10 13 9 11
00 2 8 14 15 4 7 12 6 13 1 3 9 11 10 5 0
00 3 4 2 8 7 13 0 15 11 5 12 14 1 9 10 6
00 9 3 4 0 10 7 2 8 5 1 13 14 6 11 15 12
00 9 3 13 4 10 7 15 2 11 6 14 0 5 12 1 8
00 6 10 0 3 5 14 9 13 11 2 4 7 15 12 1 8
00 2 3 6 14 5 10 15 7 1 12 0 11 8 13 4 9
00 8 1 10 5 4 2 6 12 13 15 0 3 11 7 14 9
00 11 4 8 0 13 7 2 1 3 15 9 10 14 12 6 5
00 3 13 4 0 14 6 11 2 15 9 7 12 5 10 1 8
00 4 0 6 13 15 2 7 11 14 3 10 1 9 5 8 12
00 14 2 13 15 9 5 11 3 6 0 1 4 12 7 10 8
00 12 5 6 14 0 15 2 11 10 4 1 13 9 8 7 3
00 9 6 15 12 4 7 8 11 3 2 13 10 0 1 14 5
00 14 1 2 0 13 9 6 3 5 4 7 15 8 11 10 12
00 8 4 13 9 12 6 14 1 0 10 2 3 5 15 11 7
00 5 8 13 14 10 12 6 4 2 3 11 9 0 7 15 1
00 2 3 11 12 15 7 5 10 8 0 13 6 9 1 4 14
00 11 7 12 2 9 8 10 3 4 15 5 6 0 1 13 14
00 11 12 3 8 9 0 6 5 10 7 4 2 1 13 14 15
00 1 8 10 3 4 7 12 9 13 2 6 0 15 5 11 14
00 1 0 12 8 4 13 7 10 14 5 15 3 9 11 6 2
00 14 4 1 0 9 13 7 12 15 3 6 8 11 5 2 10
00 15 14 9 4 0 7 12 1 11 5 2 8 3 10 13 6
00 14 7 4 1 15 9 2 8 3 11 5 6 10 12 13 0
00 0 9 14 8 15 5 1 7 3 11 6 4 10 12 2 13
00 9 3 5 14 10 2 1 0 11 6 8 15 12 13 4 7
00 10 9 3 5 6 2 13 14 12 7 1 0 11 4 15 8
00 12 6 2 10 11 0 3 14 15 9 4 13 8 7 1 5
00 0 8 9 11 7 3 4 2 15 6 5 10 1 12 13 14
00 15 7 11 0 1 14 8 4 2 3 12 5 13 10 9 6
00 1 15 4 5 11 7 3 8 2 14 9 0 13 10 6 12
00 0 3 7 4 13 1 8 9 11 14 5 12 2 10 6 15
00 11 13 3 0 5 15 12 7 6 10 2 1 9 8 4 14
00 5 4 15 0 2 9 6 13 10 8 14 12 7 1 3 11
00 2 15 0 12 9 5 4 13 1 10 3 14 7 6 8 11
00 8 0 6 7 5 1 10 9 11 3 4 2 14 13 12 15
00 8 1 10 3 5 11 14 6 15 12 0 7 2 9 4 13
00 14 11 5 8 2 15 6 10 12 4 7 3 13 1 0 9
00 7 1 14 11 9 15 5 8 3 6 12 13 0 2 10 4
00 9 7 1 11 2 15 14 5 13 3 4 8 6 10 0 12
00 13 14 9 0 3 11 2 15 6 4 8 7 10 12 1 5
00 10 13 6 14 1 3 9 11 12 8 7 15 4 5 2 0
00 8 5 3 13 10 7 9 6 1 12 14 11 4 0 15 2
00 10 0 3 5 1 8 12 7 4 15 9 14 2 6 11 13
00 10 2 1 0 13 15 8 3 6 11 7 12 5 4 9 14
00 10 15 2 1 13 11 5 3 4 6 8 12 0 9 7 14
00 6 10 15 3 9 13 12 2 0 11 1 8 4 7 5 14
00 5 4 9 0 11 6 2 10 7 13 8 12 14 1 3 15
00 5 9 12 0 3 1 10 2 14 6 11 13 8 15 4 7
00 8 14 5 12 6 3 9 4 1 7 11 2 0 15 10 13
00 10 6 8 5 7 3 1 14 0 15 2 12 11 13 9 4
00 9 13 11 7 14 15 10 1 4 12 6 2 0 3 5 8
00 12 9 13 15 8 4 14 2 3 6 5 0 1 7 11 10
00 0 12 9 4 8 7 13 15 6 1 3 14 11 5 10 2
00 13 7 12 4 8 0 9 14 6 1 5 15 11 10 2 3
00 6 8 13 0 14 7 4 12 10 9 2 5 11 1 3 15
00 7 6 12 8 1 10 14 13 3 4 9 2 0 11 15 5
00 1 10 7 0 11 15 9 6 3 5 14 12 4 13 2 8
00 13 11 1 10 8 2 4 7 14 15 5 6 3 0 12 9
00 11 0 6 5 8 10 13 1 3 4 12 7 14 15 9 2
00 10 8 6 13 3 7 1 0 9 11 5 15 14 2 4 12
00 3 15 6 7 9 5 10 1 11 2 12 8 14 4 13 0
00 14 3 11 2 4 9 12 15 8 5 13 6 7 0 1 10
00 8 4 14 11 3 7 12 9 1 13 6 2 5 10 15 0
00 8 9 1 4 5 13 7 14 6 0 15 12 10 11 3 2
00 5 9 7 1 11 10 8 12 0 6 13 4 2 15 14 3
00 5 9 7 0 11 8 12 1 6 10 15 3 13 4 14 2
00 6 0 11 8 4 15 9 5 10 13 12 7 14 2 3 1
00 10 4 15 6 12 13 9 8 14 7 5 11 0 2 3 1
00 10 4 15 0 12 14 13 9 7 11 8 6 2 3 5 1
00 12 10 4 15 7 13 14 9 3 11 2 6 5 0 8 1
00 7 0 12 4 3 13 10 15 5 8 14 9 1 6 11 2
00 3 7 4 15 1 5 10 9 13 12 0 14 6 11 2 8
00 13 3 15 1 0 4 7 9 14 11 6 5 10 12 2 8
00 12 3 15 1 2 14 13 7 4 10 11 9 0 8 6 5
00 0 13 2 3 12 8 1 14 10 7 11 15 9 6 4 5
00 0 10 8 2 7 9 12 3 5 4 14 13 15 1 11 6
00 1 7 10 8 5 9 2 0 4 6 15 12 13 3 11 14
00 13 4 1 7 3 5 0 10 12 14 11 9 15 6 8 2
00 13 6 3 5 12 11 4 10 14 7 1 2 15 8 9 0
00 6 3 0 11 12 9 5 4 14 7 13 8 2 1 15 10
00 1 0 2 14 15 12 5 6 7 9 13 3 10 8 4 11
00 5 14 3 0 12 1 2 6 15 11 4 13 10 8 7 9
00 15 1 12 3 10 2 5 11 8 9 13 14 7 6 0 4
00 10 8 15 0 5 3 12 1 7 14 13 9 6 4 11 2
00 7 10 8 1 3 5 12 9 6 15 14 13 4 11 0 2
00 15 5 7 8 3 4 1 10 6 12 14 9 11 2 13 0
00 2 3 11 0 14 1 15 6 12 4 8 5 13 7 9 10
00 3 15 2 5 14 13 7 8 1 0 6 11 12 4 9 10
00 0 4 1 7 15 10 13 2 3 14 9 6 12 11 8 5
00 14 11 1 0 15 9 4 7 12 3 6 13 8 5 10 2
00 0 14 11 3 8 15 6 1 10 12 4 7 2 13 5 9
00 14 11 1 15 12 9 6 3 2 8 10 7 13 0 4 5
00 4 12 14 0 10 8 13 1 9 3 6 2 7 11 5 15
00 0 9 10 12 7 6 3 8 15 5 4 13 11 14 2 1
00 2 5 6 10 14 7 3 0 11 1 9 12 13 8 4 15
00 13 14 6 2 8 11 3 5 4 1 7 10 15 0 9 12
00 5 11 8 13 0 2 12 7 1 9 14 3 6 4 15 10
00 6 2 8 4 15 10 7 1 9 3 5 12 11 0 14 13
00 0 11 15 6 9 10 8 2 13 5 3 7 14 12 1 4
00 13 6 8 0 14 9 11 15 12 10 7 2 5 1 3 4
00 0 8 10 9 14 5 13 6 7 3 15 4 12 1 2 11
00 12 7 15 0 5 13 4 14 1 6 11 9 2 3 10 8
00 13 15 0 9 3 7 4 14 12 5 2 1 10 8 11 6
00 3 0 15 4 11 13 14 9 6 7 8 1 2 10 12 5
00 3 13 4 9 6 11 10 7 2 5 12 15 1 0 8 14
00 13 11 2 3 0 4 6 9 1 8 7 15 14 12 5 10
00 0 7 6 3 14 13 4 8 12 5 15 11 1 10 2 9
00 2 14 10 6 9 13 4 3 1 7 12 8 15 0 5 11
00 0 13 2 6 9 12 14 3 1 8 4 5 7 10 15 11
00 8 13 2 14 4 1 3 6 7 10 9 5 15 12 0 11
00 15 8 0 13 4 3 9 2 12 7 1 14 5 6 10 11
00 5 0 4 15 7 3 9 8 10 6 12 13 11 14 2 1
00 14 11 7 5 2 3 15 4 12 10 8 13 6 0 1 9
00 2 15 5 11 3 12 9 7 14 13 10 4 6 8 1 0
00 12 3 7 2 6 10 5 15 8 13 9 0 14 4 1 11
00 12 10 3 7 0 4 14 5 1 6 8 2 13 11 15 9
00 12 10 4 0 1 6 2 3 13 11 15 8 9 5 7 14
00 9 13 4 0 5 6 7 1 11 3 10 12 14 8 15 2
00 5 9 13 1 11 3 6 4 8 10 7 12 15 14 2 0
00 8 11 5 13 15 10 9 1 6 3 4 0 7 14 2 12
00 10 14 7 5 15 13 1 8 11 3 12 0 6 2 4 9
00 14 11 10 8 15 9 3 5 13 6 1 7 2 12 4 0
00 11 0 14 10 1 5 15 8 6 13 9 3 2 4 7 12
00 1 8 6 9 4 2 11 14 5 13 12 15 3 10 7 0
00 4 8 2 0 5 11 14 1 13 12 9 15 3 10 6 7
00 13 14 11 8 3 4 5 1 0 10 2 15 9 6 12 7
00 3 14 4 11 9 13 10 8 6 5 1 0 12 2 7 15
00 1 10 14 9 6 13 3 4 11 7 8 15 0 12 2 5
00 11 0 6 14 8 10 1 9 13 12 3 15 7 2 5 4
00 11 0 12 6 8 13 15 9 7 1 14 10 5 4 3 2
00 7 8 0 3 5 12 15 11 4 1 6 13 2 10 9 14
00 4 12 5 8 15 7 11 3 2 1 6 13 10 9 14 0
00 2 4 12 5 10 13 15 6 9 11 1 7 14 8 3 0
00 3 8 10 2 14 13 4 0 11 7 9 12 1 6 5 15
00 1 3 2 9 5 7 4 8 11 15 14 0 12 6 13 10
00 12 11 9 0 15 5 4 8 2 7 3 14 6 1 10 13
00 12 11 15 9 7 2 8 5 3 1 6 14 0 10 13 4
00 0 11 7 12 10 2 5 15 13 3 14 1 4 6 9 8
00 4 13 11 0 6 10 7 12 8 9 3 5 1 14 15 2
00 8 0 10 13 14 6 4 11 7 9 12 3 15 1 2 5
00 12 14 4 6 1 15 3 10 9 8 5 13 7 2 0 11
00 1 12 15 14 9 3 5 4 0 11 2 6 7 8 13 10
00 9 1 12 0 7 8 3 5 11 2 4 14 13 10 6 15
00 11 9 12 14 13 7 1 15 10 2 8 5 6 0 3 4
00 8 6 2 0 11 13 9 7 4 3 15 12 5 10 1 14
00 11 15 13 0 4 3 14 2 5 12 8 7 10 9 1 6
00 10 11 13 2 9 4 14 8 5 1 15 0 6 12 7 3
00 9 10 11 2 4 13 8 14 1 5 7 0 12 15 3 6
00 12 9 8 14 13 1 4 10 7 11 2 5 15 0 3 6
00 9 8 14 10 12 7 1 4 11 2 5 6 0 13 15 3
00 11 12 7 9 3 5 1 8 13 4 10 14 0 15 6 2
00 5 0 1 12 13 4 9 7 15 11 14 8 3 10 6 2
00 15 0 5 1 3 13 14 12 2 4 9 7 8 6 10 11
00 6 8 2 15 0 3 14 13 11 4 12 5 10 7 9 1
00 7 11 3 0 9 6 10 8 4 1 12 2 5 13 14 15
00 0 11 3 9 1 7 5 8 13 4 6 10 14 12 15 2
00 14 11 13 3 12 7 4 0 2 10 15 5 6 8 9 1
00 9 6 2 12 1 8 14 4 3 7 5 11 15 0 13 10
00 1 10 5 6 0 9 8 2 3 15 12 14 11 7 4 13
00 0 11 9 5 7 1 6 10 4 3 8 12 15 13 14 2
00 4 7 0 11 1 6 5 9 3 13 8 10 15 14 2 12
00 10 15 13 1 8 12 3 4 14 11 5 0 2 9 7 6
00 14 9 12 10 0 8 13 15 7 3 11 1 6 2 5 4
00 7 3 14 8 6 13 10 9 2 4 5 12 0 11 1 15
00 13 6 4 8 1 14 9 3 12 7 11 10 2 0 15 5
00 11 12 0 1 5 2 15 13 10 7 4 6 9 3 8 14
00 5 11 1 0 2 4 15 12 9 10 8 13 7 3 14 6
00 4 10 9 5 14 0 12 11 2 7 13 1 3 6 8 15
00 9 11 1 5 4 3 10 15 7 2 14 0 13 8 6 12
00 4 11 15 14 6 13 1 5 0 9 3 7 10 8 12 2
