00 7 11 9 6 0 13 14 8 4 15 5 12 1 10 3 2
00 7 11 9 6 14 1 13 8 0 3 10 2 4 5 15 12
00 1 11 4 9 7 3 15 13 5 12 10 6 0 14 2 8
00 9 7 1 15 12 5 6 13 2 3 8 14 10 11 4 0
00 14 11 9 7 10 12 1 15 13 2 5 6 0 4 3 8
00 14 11 9 0 13 10 12 15 3 4 5 7 8 1 6 2
00 13 14 11 9 8 12 0 2 10 6 15 4 3 1 7 5
00 0 13 11 2 8 10 6 9 3 7 14 12 15 1 5 4
00 5 10 6 11 14 8 3 9 4 13 15 2 0 1 12 7
00 5 10 6 11 8 1 14 13 12 2 15 0 4 7 3 9
00 8 6 11 14 2 5 0 10 7 4 15 13 1 12 3 9
00 0 5 3 2 7 10 8 15 9 1 12 4 14 11 6 13
00 5 9 7 6 14 10 1 15 11 2 4 8 12 13 3 0
00 12 1 6 15 13 7 9 2 11 5 10 0 8 14 3 4
00 8 11 7 15 2 13 12 3 0 9 5 10 14 4 6 1
00 13 8 0 15 2 6 7 12 4 14 1 3 5 9 11 10
00 4 13 2 0 8 12 15 6 7 9 5 1 14 11 10 3
00 7 8 13 15 5 9 4 2 14 1 0 10 11 6 12 3
00 5 0 8 13 6 7 9 15 14 11 4 2 3 10 1 12
00 0 14 7 8 3 5 4 9 10 6 2 13 1 11 12 15
00 7 10 3 8 6 4 14 9 1 5 12 0 11 13 2 15
00 0 7 10 3 14 4 8 5 6 15 9 12 2 13 1 11
00 0 13 6 14 9 2 10 7 15 1 8 12 11 5 4 3
00 10 15 9 0 1 5 3 6 13 2 4 14 11 7 8 12
00 13 5 10 0 2 4 1 15 8 7 11 9 12 3 14 6
00 8 15 4 5 3 13 1 10 12 2 9 11 7 14 6 0
00 3 8 4 1 2 14 9 5 6 15 7 13 0 11 12 10
00 0 12 14 11 10 9 2 6 13 1 15 3 5 7 4 8
00 9 2 10 0 13 1 6 12 5 4 15 14 7 8 3 11
00 9 1 10 2 8 12 3 15 13 5 6 0 7 11 4 14
00 11 8 9 1 5 7 13 3 0 12 2 10 4 6 14 15
00 12 8 0 1 11 2 7 9 5 14 13 15 4 6 10 3
00 14 5 2 0 10 3 12 11 4 9 7 13 6 15 1 8
00 11 3 4 9 12 2 13 14 8 7 15 5 0 10 6 1
00 0 11 5 3 8 12 4 15 10 7 9 2 6 1 14 13
00 8 4 5 15 10 3 2 11 7 9 1 14 13 12 6 0
00 8 4 0 15 10 9 3 5 13 7 1 11 2 12 14 6
00 0 10 4 15 2 13 8 1 7 14 9 3 12 6 11 5
00 2 10 4 15 12 7 5 1 6 14 3 9 11 13 8 0
00 2 5 1 0 12 10 7 9 6 15 3 8 14 4 13 11
00 6 2 7 5 9 8 13 1 14 0 11 10 15 12 4 3
00 15 10 5 1 13 2 7 0 9 11 6 8 12 4 14 3
00 4 13 15 5 11 0 10 1 9 2 7 6 14 12 3 8
00 6 2 11 4 9 10 0 15 14 8 3 13 12 7 1 5
00 0 6 2 11 14 1 9 4 12 15 8 5 7 13 3 10
00 12 0 6 11 7 14 1 2 15 5 4 9 13 3 8 10
00 5 7 14 6 9 12 4 2 13 15 8 0 3 10 1 11
00 0 13 4 5 7 9 12 14 3 10 11 15 1 2 8 6
00 0 13 5 15 9 1 7 10 2 12 4 6 11 3 14 8
00 9 13 15 10 1 7 8 5 12 4 3 6 0 2 11 14
00 12 1 0 9 3 4 13 7 14 2 11 10 6 8 15 5
00 1 9 13 0 8 12 6 14 2 3 5 7 4 15 10 11
00 8 1 9 6 3 5 14 13 15 12 2 7 0 4 10 11
00 8 14 9 0 3 5 1 12 10 15 7 2 11 13 4 6
00 8 14 5 0 11 3 7 9 13 15 6 12 4 1 2 10
00 11 5 7 6 4 0 8 1 13 14 10 3 2 12 15 9
00 11 5 7 10 12 2 6 0 3 13 9 15 8 1 4 14
00 3 11 5 6 12 7 10 15 8 9 4 2 13 1 14 0
00 7 12 3 0 13 5 2 6 1 8 10 11 4 14 15 9
00 13 10 5 11 1 6 0 15 9 4 14 7 8 3 2 12
00 6 13 5 11 0 1 10 15 9 8 7 12 3 4 2 14
00 9 12 6 13 4 2 10 0 3 5 15 1 8 14 7 11
00 0 12 1 6 10 13 11 7 9 4 2 14 8 3 15 5
00 9 10 12 13 7 4 11 0 3 14 8 1 15 5 6 2
00 2 4 15 7 14 5 3 9 6 10 13 12 11 1 8 0
00 4 15 0 3 2 11 10 7 14 12 6 9 1 8 13 5
00 4 15 10 0 11 12 9 3 2 7 6 13 1 8 14 5
00 13 2 11 15 14 8 4 5 3 1 7 10 9 0 12 6
00 7 0 1 2 9 15 5 4 12 13 6 14 8 3 10 11
00 1 2 14 15 9 7 10 4 8 3 12 6 13 5 11 0
00 7 9 2 1 3 8 10 14 5 15 13 6 4 0 11 12
00 9 1 10 14 7 2 3 0 4 5 8 6 11 13 15 12
00 11 4 7 1 0 2 8 9 13 3 14 10 15 5 12 6
00 0 11 4 7 13 2 8 1 15 3 14 6 5 12 10 9
00 13 4 11 8 15 10 7 0 3 12 2 5 14 9 6 1
00 9 13 4 11 10 15 7 8 6 1 3 2 12 14 0 5
