 #p     len   steps searches     #exp   #upd hashcnt hashmax time
  1     238     286     271    27098      0  19684      2 0.11
  2     263     335     320    31942      0  22280      2 0.12
  3     130     160     147    14653      0   9599      2 0.10
  4     173     195     180    17978      0  13068      2 0.12
  5      90      94      77     7697      0   5825      2 0.10
  6     196     242     227    22647      0  14260      2 0.11
  7     225     275     261    26068      0  16526      2 0.11
  8      75      81      66     6558      0   3733      1 1.09
  9     296     366     352    35196      0  24132      2 0.12
 10     480     590     576    57555      0  40649      2 0.15
 11     176     194     180    17946      0  12320      2 0.11
 12     131     153     139    13860      0   8801      2 0.12
 13     167     185     169    16856      0  12052      2 0.15
 14      55      55      39     3885      0   2409      1 0.13
 15     186     236     221    22042      0  14311      2 0.16
 16     172     198     180    17951      0  12162      2 1.15
 17     303     575     560    55997      0  37599      2 0.22
 18     372     460     446    44575      0  32040      2 0.20
 19     157     165     150    14964      0  10775      1 0.15
 20     163     179     163    16269      0  11881      1 0.15
 21     440     556     540    53958      0  37576      2 1.21
 22     254     310     296    29568      0  21127      2 0.17
 23      92      96      80     7959      0   5922      1 0.14
 24     106     122     108    10718      0   7346      2 0.14
 25     139     163     149    14860      0   9864      2 0.15
 26      75      83      68     6798      0   3768      1 0.14
 27     120     136     122    12143      0   7686      1 0.14
 28     144     164     151    15099      0  10544      2 1.15
 29     127     149     133    13218      0   8409      2 0.15
 30     121     139     124    12354      0   8559      1 0.14
 31     307     415     399    39875      0  24991      2 0.19
 32      67      71      50     4989      0   3422      1 0.13
 33     184     208     194    19350      0  13431      2 0.16
 34      90     100      85     8491      0   6015      2 0.14
 35     344     432     418    41768      0  28050      2 1.19
 36     107     121     106    10542      0   7463      1 0.14
 37     129     145     132    13197      0   8449      1 0.15
 38      82      88      73     7249      0   4891      2 0.14
 39     223     239     226    22539      0  16318      2 0.16
 40     149     177     162    16181      0  10366      2 0.15
 41     179     199     184    18338      0  13332      2 1.15
 42     101     117     102    10118      0   6678      2 0.14
 43     124     140     124    12391      0   7975      1 0.14
 44     188     228     213    21297      0  14926      2 0.16
 45     234     276     262    26172      0  17918      2 0.17
 46     212     248     234    23364      0  15683      2 0.16
 47     150     174     161    16039      0  11224      2 1.15
 48     122     144     126    12596      0   9178      1 0.15
 49     269     319     303    30263      0  20050      2 0.17
 50      58      64      46     4526      0   2873      1 0.13
 51      72      78      63     6281      0   4159      1 0.13
 52     186     210     195    19475      0  13022      2 0.16
 53     147     167     153    15227      0  10458      2 0.15
 54     186     220     205    20424      0  14302      2 1.16
 55     135     153     139    13843      0   9836      2 0.15
 56     138     150     133    13258      0   9773      2 0.15
 57     205     237     225    22489      0  16402      2 0.16
 58     164     200     187    18667      0  12794      2 0.16
 59     165     199     185    18499      0  11979      2 0.15
 60     276     368     355    35454      0  23565      2 1.18
 61     246     298     285    28463      0  19798      2 0.17
 62     179     199     187    18625      0  12543      2 0.16
 63     117     135     119    11827      0   8221      2 0.14
 64     114     126     111    11097      0   7842      2 0.14
 65     159     189     174    17389      0  11469      2 0.15
 66     231     291     276    27600      0  18426      2 0.17
 67     147     155     142    14139      0  10161      2 1.15
 68     104     114     100     9946      0   6766      2 0.14
 69     140     156     143    14294      0   9555      1 0.15
 70     116     130     116    11566      0   7559      1 0.14
 71     305     367     353    35242      0  24218      2 0.18
 72     284     330     314    31363      0  21072      2 0.18
 73     190     208     195    19499      0  13474      2 1.16
 74     158     190     172    17141      0  11322      2 0.15
 75     386     484     470    46999      0  32191      2 0.20
 76     327     387     373    37275      0  25403      2 0.19
 77     271     315     300    29925      0  22215      2 0.17
 78     140     158     142    14196      0   9776      2 0.15
 79     169     203     188    18781      0  12260      2 1.16
 80     284     354     340    33987      0  22859      2 0.18
 81     194     220     204    20366      0  15112      2 0.16
 82     152     170     156    15556      0  10267      2 0.15
 83     190     212     197    19653      0  14064      2 0.16
 84     106     118     104    10359      0   6835      1 0.14
 85     105     119     105    10477      0   6480      1 0.14
 86     195     227     213    21222      0  14303      2 1.16
 87     290     344     328    32737      0  23155      2 0.18
 88     293     343     328    32797      0  23154      2 0.18
 89     141     157     142    14119      0   9793      2 0.15
 90     188     224     209    20896      0  13477      2 0.16
 91     192     228     212    21163      0  14191      2 0.16
 92     159     221     205    20497      0  14417      2 1.16
 93     289     365     350    34981      0  24553      2 0.18
 94     181     215     199    19897      0  13920      2 0.16
 95     255     299     287    28647      0  19899      2 0.17
 96     247     285     271    27067      0  19428      2 0.17
 97     147     165     150    14934      0  10367      2 0.15
 98     138     156     141    14077      0   9374      2 1.15
 99     152     170     153    15296      0  10051      1 0.15
100     327     433     419    41847      0  29202      2 0.19
Total Length=18667
Total Expansions=2077256
Total Steps=22289
Total Searches=20808
Total Updates=0
Total Hashcount=1423602
Total Hashmax=180
Total Time=30.28
