 #p     len   steps searches     #exp   #upd hashcnt hashmax time
  1     238     286     271    27098  27000  19684      2 0.11
  2     263     335     320    31942  31900  22280      2 1.12
  3     130     160     147    14653  14600   9599      2 0.10
  4     173     195     180    17978  17900  13068      2 0.10
  5      90      94      77     7697   7600   5825      2 0.09
  6     196     242     227    22647  22600  14260      2 0.11
  7     225     275     261    26068  26000  16526      2 0.11
  8      75      81      66     6558   6500   3733      1 0.12
  9     296     366     352    35196  35100  24132      2 0.18
 10     480     590     576    57555  57500  40649      2 1.22
 11     176     194     180    17946  17900  12320      2 0.15
 12     131     153     139    13860  13800   8801      2 0.15
 13     167     185     169    16856  16800  12052      2 0.15
 14      55      55      39     3885   3800   2409      1 0.13
 15     186     236     221    22042  22000  14311      2 0.16
 16     172     198     180    17951  17900  12162      2 0.15
 17     303     575     560    55997  55900  37599      2 1.21
 18     372     460     446    44575  44500  32040      2 0.20
 19     157     165     150    14964  14900  10775      1 0.15
 20     163     179     163    16269  16200  11881      1 0.15
 21     440     556     540    53958  53900  37576      2 0.21
 22     254     310     296    29568  29500  21127      2 1.17
 23      92      96      80     7959   7900   5922      1 0.14
 24     106     122     108    10718  10700   7346      2 0.14
 25     139     163     149    14860  14800   9864      2 0.15
 26      75      83      68     6798   6700   3768      1 0.13
 27     120     136     122    12143  12100   7686      1 0.14
 28     144     164     151    15099  15000  10544      2 0.15
 29     127     149     133    13218  13200   8409      2 1.15
 30     121     139     124    12354  12300   8559      1 0.14
 31     307     415     399    39875  39800  24991      2 0.19
 32      67      71      50     4989   4900   3422      1 0.13
 33     184     208     194    19350  19300  13431      2 0.15
 34      90     100      85     8491   8400   6015      2 0.14
 35     344     432     418    41768  41700  28050      2 0.19
 36     107     121     106    10542  10500   7463      1 1.14
 37     129     145     132    13197  13100   8449      1 0.15
 38      82      88      73     7249   7200   4891      2 0.14
 39     223     239     226    22539  22500  16318      2 0.16
 40     149     177     162    16181  16100  10366      2 0.15
 41     179     199     184    18338  18300  13332      2 0.16
 42     101     117     102    10118  10100   6678      2 1.14
 43     124     140     124    12391  12300   7975      1 0.14
 44     188     228     213    21297  21200  14926      2 0.16
 45     234     276     262    26172  26100  17918      2 0.16
 46     212     248     234    23364  23300  15683      2 0.16
 47     150     174     161    16039  16000  11224      2 0.15
 48     122     144     126    12596  12500   9178      1 0.14
 49     269     319     303    30263  30200  20050      2 1.17
 50      58      64      46     4526   4500   2873      1 0.13
 51      72      78      63     6281   6200   4159      1 0.13
 52     186     210     195    19475  19400  13022      2 0.15
 53     147     167     153    15227  15200  10458      2 0.15
 54     186     220     205    20424  20400  14302      2 0.16
 55     135     153     139    13843  13800   9836      2 0.15
 56     138     150     133    13258  13200   9773      2 1.14
 57     205     237     225    22489  22400  16402      2 0.16
 58     164     200     187    18667  18600  12794      2 0.15
 59     165     199     185    18499  18400  11979      2 0.15
 60     276     368     355    35454  35400  23565      2 0.18
 61     246     298     285    28463  28400  19798      2 0.17
 62     179     199     187    18625  18600  12543      2 1.15
 63     117     135     119    11827  11800   8221      2 0.14
 64     114     126     111    11097  11000   7842      2 0.14
 65     159     189     174    17389  17300  11469      2 0.15
 66     231     291     276    27600  27500  18426      2 0.17
 67     147     155     142    14139  14100  10161      2 0.15
 68     104     114     100     9946   9900   6766      2 0.14
 69     140     156     143    14294  14200   9555      1 1.15
 70     116     130     116    11566  11500   7559      1 0.14
 71     305     367     353    35242  35200  24218      2 0.18
 72     284     330     314    31363  31300  21072      2 0.17
 73     190     208     195    19499  19400  13474      2 0.15
 74     158     190     172    17141  17100  11322      2 0.15
 75     386     484     470    46999  46900  32191      2 1.20
 76     327     387     373    37275  37200  25403      2 0.19
 77     271     315     300    29925  29900  22215      2 0.17
 78     140     158     142    14196  14100   9776      2 0.15
 79     169     203     188    18781  18700  12260      2 0.15
 80     284     354     340    33987  33900  22859      2 0.18
 81     194     220     204    20366  20300  15112      2 1.16
 82     152     170     156    15556  15500  10267      2 0.15
 83     190     212     197    19653  19600  14064      2 0.15
 84     106     118     104    10359  10300   6835      1 0.14
 85     105     119     105    10477  10400   6480      1 0.14
 86     195     227     213    21222  21200  14303      2 0.16
 87     290     344     328    32737  32700  23155      2 1.17
 88     293     343     328    32797  32700  23154      2 0.17
 89     141     157     142    14119  14100   9793      2 0.15
 90     188     224     209    20896  20800  13477      2 0.16
 91     192     228     212    21163  21100  14191      2 0.16
 92     159     221     205    20497  20400  14417      2 0.16
 93     289     365     350    34981  34900  24553      2 1.18
 94     181     215     199    19897  19800  13920      2 0.16
 95     255     299     287    28647  28600  19899      2 0.17
 96     247     285     271    27067  27000  19428      2 0.17
 97     147     165     150    14934  14900  10367      2 0.15
 98     138     156     141    14077  14000   9374      2 0.15
 99     152     170     153    15296  15200  10051      1 0.15
100     327     433     419    41847  41800  29202      2 1.19
Total Length=18667
Total Expansions=2077256
Total Steps=22289
Total Searches=20808
Total Updates=2070800
Total Hashcount=1423602
Total Hashmax=180
Total Time=31.33
