01 14 7 6 0 15 8 9 2 1 12 13 3 10 4 5 11
02 14 15 2 13 11 9 3 6 1 0 7 10 12 4 5 8
03 14 4 11 2 9 15 3 0 6 10 8 1 12 7 13 5
04 2 15 10 1 4 8 11 0 9 14 13 5 6 12 3 7
05 3 13 4 2 9 12 8 7 1 14 15 10 5 0 6 11
06 4 11 7 6 13 12 8 15 3 14 2 1 0 9 10 5
07 14 8 1 6 12 4 13 2 9 0 11 7 3 5 10 15
08 12 14 10 13 3 4 0 1 7 9 5 8 2 15 11 6
09 14 15 8 13 2 10 0 9 4 5 6 11 3 12 7 1
10 4 2 9 10 12 1 15 7 5 3 8 6 0 11 14 13
11 5 0 14 13 2 10 15 1 12 8 7 4 11 9 3 6
12 15 2 3 1 14 9 13 5 12 6 7 4 11 0 10 8
13 0 2 3 1 5 9 15 4 8 10 13 12 6 14 11 7
14 9 15 3 1 4 5 12 13 8 2 14 7 0 11 6 10
15 15 13 12 14 4 9 0 3 7 5 1 2 8 11 6 10
16 10 15 7 14 4 1 0 11 3 5 12 13 9 8 2 6
17 10 2 15 7 8 5 6 12 4 11 1 13 3 0 14 9
18 10 2 6 8 4 13 7 15 9 14 3 12 11 0 5 1
19 2 6 15 12 0 8 7 3 13 1 4 5 9 10 14 11
20 6 14 7 3 8 12 0 15 2 1 4 5 13 9 10 11
21 13 4 5 9 15 3 11 12 6 14 7 10 8 2 1 0
22 5 3 9 14 2 6 11 12 13 4 15 10 1 8 0 7
23 6 3 10 9 5 8 1 12 14 2 15 7 11 0 13 4
24 5 6 10 9 15 4 8 0 11 12 13 1 7 14 3 2
25 14 6 10 9 5 8 4 0 15 2 13 12 7 11 3 1
26 14 12 0 4 5 2 11 6 7 9 15 13 3 8 1 10
27 4 11 8 3 6 14 5 9 15 2 7 13 12 1 0 10
28 2 4 8 3 12 1 14 9 6 0 5 7 11 15 10 13
29 12 9 13 2 1 3 0 8 15 6 5 4 10 11 14 7
30 5 13 9 14 12 3 8 15 1 6 7 2 0 10 11 4
31 5 14 7 15 12 10 6 9 4 13 0 1 3 2 8 11
32 10 11 12 0 4 2 6 14 8 3 15 7 13 1 5 9
33 4 13 12 14 11 10 2 1 5 8 15 3 0 7 6 9
34 13 9 12 14 4 5 3 7 15 11 0 1 6 10 8 2
35 5 13 3 14 11 0 12 1 15 6 7 9 4 10 8 2
36 12 1 3 8 13 0 6 2 9 15 7 5 11 4 14 10
37 8 13 0 5 12 3 10 1 11 9 2 6 7 15 4 14
38 8 2 5 6 3 13 9 7 10 11 0 4 15 12 1 14
39 12 11 6 9 1 10 7 5 8 0 3 14 4 15 2 13
40 9 6 10 0 1 11 4 13 3 15 12 5 2 7 8 14
41 8 6 9 10 15 1 4 0 5 14 12 2 11 3 13 7
42 1 6 2 10 9 3 4 5 8 11 0 7 15 14 12 13
43 1 13 12 11 3 10 9 5 14 2 6 0 8 4 7 15
44 4 1 12 11 7 13 3 15 2 10 9 0 14 8 6 5
45 13 0 6 3 7 2 9 1 5 10 4 15 14 8 11 12
46 10 8 1 12 2 7 3 0 13 14 15 9 6 11 5 4
47 10 0 3 12 2 11 15 9 14 13 5 1 6 8 7 4
48 8 13 12 14 0 6 10 15 11 7 1 3 2 4 5 9
49 8 1 12 10 4 11 7 13 5 15 2 3 6 9 14 0
50 11 7 8 13 1 5 12 14 9 10 2 15 4 6 3 0
51 0 5 10 9 8 11 6 13 4 14 15 1 3 12 7 2
52 11 10 13 3 5 0 6 12 8 15 9 2 4 14 1 7
53 14 11 2 3 8 13 10 12 0 5 9 7 15 4 6 1
54 0 11 10 2 14 13 3 7 15 4 12 6 9 8 1 5
55 15 4 11 7 3 0 2 10 14 1 13 12 5 9 6 8
56 5 15 11 2 7 10 13 12 8 1 0 3 14 4 9 6
57 5 15 6 11 7 4 10 9 13 14 8 2 1 3 12 0
58 7 4 5 11 8 6 2 9 1 13 15 12 14 10 3 0
59 4 5 11 0 8 10 9 6 1 12 14 3 13 7 2 15
60 0 14 6 8 5 10 4 3 2 13 11 15 12 1 9 7
61 10 14 6 8 4 3 11 13 5 0 9 7 2 12 15 1
62 14 2 4 6 10 11 8 13 15 5 3 0 12 1 9 7
63 5 11 14 2 10 9 4 13 0 15 7 1 12 3 6 8
64 2 1 13 8 5 12 15 10 9 11 3 14 6 0 7 4
65 1 8 5 14 2 13 9 7 3 0 4 15 6 12 10 11
66 1 12 14 13 8 3 9 4 2 5 15 10 6 11 7 0
67 5 1 13 0 8 4 9 11 15 2 7 12 10 6 14 3
68 15 1 13 0 8 7 4 11 10 2 9 3 12 5 6 14
69 11 5 9 7 12 13 15 2 10 4 8 0 6 14 3 1
70 11 15 5 4 0 13 9 8 6 2 7 1 14 12 3 10
71 13 14 8 1 4 11 5 3 9 15 7 0 2 6 12 10
72 1 0 8 7 14 13 15 3 11 5 12 10 9 2 4 6
73 1 9 6 4 5 13 8 3 12 15 0 7 14 11 10 2
74 13 0 1 9 6 3 4 10 11 5 7 8 12 15 14 2
75 12 13 10 6 1 14 4 9 11 2 7 0 5 15 8 3
76 2 9 14 0 13 10 12 6 1 11 8 7 5 4 15 3
77 2 0 11 9 4 10 6 15 13 14 7 12 8 1 3 5
78 2 8 13 11 9 14 5 1 4 6 10 12 7 0 3 15
79 1 11 5 0 10 8 9 13 7 2 14 15 4 6 12 3
80 7 10 13 9 1 15 2 5 4 11 14 3 6 12 8 0
81 7 8 10 3 4 13 15 14 6 1 0 11 12 9 2 5
82 7 8 4 10 1 15 13 3 12 11 9 2 14 6 0 5
83 4 7 8 2 0 3 6 12 9 10 15 13 11 5 1 14
84 8 9 6 3 4 0 15 7 1 10 2 5 11 14 12 13
85 15 4 5 2 9 10 12 7 1 11 3 14 0 6 13 8
86 9 6 15 2 11 5 10 4 1 12 7 14 3 13 8 0
87 13 5 9 15 1 0 4 10 8 7 12 2 11 3 14 6
88 4 13 5 15 8 11 7 3 10 9 12 6 14 2 1 0
89 4 13 12 15 8 5 3 6 10 1 14 9 11 7 0 2
90 1 4 3 6 8 12 5 2 15 10 9 14 11 0 13 7
91 8 1 4 6 13 11 3 2 12 9 0 15 10 7 5 14
92 12 8 3 1 4 7 6 15 14 13 10 5 2 0 11 9
93 12 3 6 1 10 0 15 5 7 8 2 11 14 9 13 4
94 5 12 6 3 4 1 0 11 10 7 9 15 14 8 13 2
95 4 11 9 12 8 14 6 2 0 13 5 3 10 1 7 15
96 0 12 8 6 1 11 14 4 3 2 9 10 7 13 15 5
97 12 6 15 10 0 11 4 1 7 5 2 9 8 3 13 14
98 10 5 4 1 6 15 0 11 12 7 8 2 3 14 9 13
99 12 15 11 5 0 7 10 2 14 1 4 13 6 3 9 8
100 6 15 3 7 4 9 5 0 12 1 2 13 11 14 10 8
101 15 3 0 4 2 7 9 5 1 11 8 10 12 6 14 13
102 2 3 0 4 6 15 1 11 12 9 13 7 14 10 5 8
103 3 13 4 1 2 6 9 11 15 14 7 8 12 0 10 5
104 0 2 5 7 8 14 6 13 15 12 3 1 10 11 9 4
105 13 14 1 0 10 12 7 15 6 3 5 2 9 11 8 4
106 6 5 10 1 0 13 8 12 9 15 7 14 4 11 2 3
107 1 12 7 3 6 13 14 0 10 15 2 9 4 5 8 11
108 6 10 8 3 0 12 7 14 2 11 1 5 4 13 15 9
109 11 6 9 5 4 2 10 0 12 15 7 14 13 8 1 3
110 2 12 15 11 0 14 5 9 8 6 13 10 7 3 4 1
111 12 7 6 11 0 8 13 14 15 2 10 5 1 4 9 3
112 7 5 6 0 15 13 12 1 11 8 3 9 2 14 4 10
113 5 6 7 12 4 13 8 1 2 3 10 14 15 11 9 0
114 5 10 8 6 0 11 1 7 4 12 13 9 3 2 15 14
115 0 1 5 8 11 10 15 6 4 13 3 9 12 2 14 7
116 11 9 5 6 10 7 1 15 4 0 8 3 12 2 14 13
117 10 9 1 11 4 2 5 6 14 12 7 15 0 8 3 13
118 6 3 5 11 9 14 0 1 4 8 2 13 7 10 15 12
119 6 2 5 1 13 11 3 9 4 8 7 0 12 15 10 14
120 6 8 5 2 0 3 11 7 14 10 12 15 13 4 9 1
121 6 2 8 7 13 5 11 15 9 14 0 1 3 4 10 12
122 6 3 12 7 5 15 0 11 14 13 8 10 1 2 9 4
123 3 4 11 12 14 10 9 8 0 5 15 7 6 1 13 2
124 15 3 4 13 8 12 11 0 14 2 10 9 6 5 7 1
125 0 5 4 13 12 3 11 10 9 6 15 2 14 8 7 1
126 5 3 8 4 0 12 13 10 6 15 9 1 14 11 7 2
127 15 4 3 10 5 2 11 12 6 0 9 1 14 13 7 8
128 15 9 8 4 5 13 1 0 2 7 6 11 14 10 12 3
129 0 9 15 11 5 4 13 3 10 14 1 7 6 2 12 8
130 4 12 13 14 9 7 3 11 10 5 2 15 8 6 1 0
131 5 10 4 14 9 13 3 15 0 6 1 11 2 8 7 12
132 14 2 4 5 7 6 3 13 10 12 9 1 0 8 11 15
133 14 13 4 11 5 0 3 9 6 10 15 1 2 8 7 12
134 8 5 11 10 6 12 14 13 7 15 3 4 2 0 1 9
135 2 12 14 0 6 8 10 11 5 4 7 13 15 1 3 9
136 15 5 9 14 2 4 0 11 6 10 3 13 8 1 12 7
137 9 14 0 10 5 4 15 3 2 8 11 12 6 7 1 13
138 9 8 10 14 5 6 15 3 12 4 7 13 2 1 11 0
139 8 6 3 5 9 14 0 10 15 4 2 11 1 12 13 7
140 8 4 14 13 15 3 10 6 1 9 2 5 12 7 0 11
141 3 0 6 14 9 4 8 10 12 1 5 13 11 7 15 2
142 1 6 12 5 8 13 15 14 3 0 9 10 4 11 2 7
143 1 10 7 12 11 13 5 6 3 8 2 4 0 14 9 15
144 8 13 11 6 0 1 15 10 5 4 9 12 3 14 2 7
145 1 6 2 10 9 12 7 14 8 5 4 15 3 11 0 13
