00 8 12 6 5 7 4 9 1 3 15 2 0 14 13 11 10
00 0 12 9 7 4 5 10 6 14 8 15 1 13 11 2 3
00 13 15 12 7 0 8 4 9 14 11 5 1 3 2 6 10
00 13 15 11 4 3 8 1 12 14 5 10 7 0 2 9 6
00 0 13 15 11 14 3 10 4 5 1 6 8 2 9 7 12
00 2 3 15 6 12 14 5 7 8 9 4 13 11 10 0 1
00 11 8 12 2 14 0 3 15 9 4 13 5 10 1 7 6
00 11 8 2 15 1 10 14 3 9 13 5 6 4 12 7 0
00 14 0 9 11 7 1 2 8 10 15 13 6 4 3 12 5
00 10 7 14 9 13 15 8 0 4 3 6 1 12 5 2 11
00 5 4 0 10 8 13 3 7 1 11 15 2 12 14 6 9
00 13 3 10 9 15 4 5 6 8 11 2 14 1 7 12 0
00 15 1 11 13 7 8 3 10 2 14 4 0 12 6 5 9
00 7 15 1 0 2 14 9 11 6 4 10 3 12 5 13 8
00 4 6 2 9 12 14 3 7 5 10 0 15 13 11 8 1
00 14 5 9 0 8 12 11 15 13 7 4 6 3 1 10 2
00 13 14 4 12 8 7 5 0 3 2 6 9 1 10 15 11
00 3 8 13 14 1 7 9 0 2 12 5 4 10 15 6 11
00 1 3 13 0 2 10 7 9 15 4 12 8 6 14 5 11
00 6 15 0 1 11 10 2 12 3 7 9 13 14 8 4 5
00 3 2 10 15 0 6 9 12 11 14 7 1 8 5 13 4
00 0 3 2 15 5 6 11 1 8 14 10 9 13 4 12 7
00 2 0 6 11 3 4 15 1 5 13 12 14 8 7 9 10
00 5 2 3 11 6 9 13 4 7 10 12 1 8 0 14 15
00 8 7 9 5 15 13 2 11 10 6 3 4 12 1 14 0
00 10 2 15 8 12 6 7 13 1 11 4 0 14 3 5 9
00 15 12 13 7 8 2 5 9 6 10 4 0 1 11 14 3
00 8 7 10 2 5 1 12 0 6 14 4 15 11 3 9 13
00 5 8 7 10 11 6 1 12 14 9 4 2 3 0 13 15
00 12 5 1 10 11 7 6 2 3 14 4 15 9 13 8 0
00 13 11 3 5 9 12 14 4 2 15 8 1 10 0 7 6
00 6 12 0 13 10 9 2 11 8 7 15 14 1 4 3 5
00 0 10 13 2 9 6 14 12 8 3 1 11 4 7 15 5
00 0 9 6 1 8 10 5 11 4 3 14 7 15 12 2 13
00 0 8 9 6 3 4 10 1 14 12 5 11 15 7 2 13
00 5 8 12 4 9 14 13 2 15 3 11 10 7 1 6 0
00 0 6 9 5 1 11 8 12 7 15 3 13 10 14 2 4
00 11 9 4 8 6 1 3 5 7 10 0 12 14 15 2 13
00 15 9 4 8 7 11 1 3 2 14 6 12 10 0 13 5
00 2 7 11 15 14 6 1 9 5 3 10 0 12 13 8 4
00 6 14 0 11 12 2 15 1 5 4 7 9 13 8 10 3
00 12 2 9 6 5 13 15 14 8 3 10 11 4 0 7 1
00 4 5 2 12 3 8 9 6 13 1 10 0 7 14 15 11
00 4 5 12 0 13 8 9 2 7 14 3 1 11 15 6 10
00 14 0 13 4 7 12 6 8 11 3 10 9 15 2 5 1
00 11 14 6 4 15 13 9 12 1 7 2 8 0 3 5 10
00 7 15 14 9 3 0 11 13 5 2 4 6 10 12 1 8
00 10 3 9 0 14 7 5 15 12 1 2 13 4 11 6 8
00 14 3 11 9 7 10 2 5 13 8 12 6 4 1 15 0
00 7 14 10 9 4 3 11 2 15 6 5 1 13 8 12 0
00 13 4 7 3 5 6 9 14 11 15 8 10 0 12 2 1
00 11 6 5 9 15 8 13 0 1 4 3 7 12 2 10 14
00 12 15 8 11 4 3 5 6 10 2 14 13 0 1 7 9
00 8 15 5 11 4 14 12 6 10 9 7 3 1 13 0 2
00 9 4 8 0 14 1 11 15 10 6 12 5 2 13 7 3
00 9 12 4 0 14 7 6 8 10 11 13 1 2 3 5 15
00 11 14 0 6 2 10 8 9 5 12 3 1 13 7 4 15
00 5 10 2 14 13 3 11 6 4 7 8 9 12 15 1 0
00 3 13 10 2 4 5 11 0 12 9 6 14 15 7 8 1
00 15 12 2 3 8 4 6 10 0 5 13 11 9 7 1 14
00 9 8 2 3 5 15 12 6 13 1 4 0 7 14 11 10
00 13 5 0 8 4 12 15 9 1 7 3 2 14 11 6 10
00 4 11 12 0 2 9 3 13 6 15 10 5 14 1 8 7
00 2 9 3 0 6 15 14 11 8 1 13 4 10 5 7 12
00 9 8 2 3 10 1 11 14 7 15 12 13 6 0 5 4
