51 5 12 10 7 15 11 14 0 8 2 1 13 3 4 9 6
52 12 5 13 11 2 10 0 9 7 8 4 3 14 6 15 1
53 11 5 1 14 4 12 10 0 2 7 13 3 9 15 6 8
54 7 3 1 13 12 10 5 2 8 0 6 11 14 15 4 9
55 9 5 11 10 13 0 2 1 8 6 14 12 4 7 3 15
56 12 3 9 1 4 5 10 2 6 11 15 0 14 7 13 8
57 11 4 0 8 6 10 5 13 12 7 14 3 1 2 9 15
58 7 15 4 0 10 9 2 5 12 11 13 6 1 3 14 8
59 12 9 0 6 8 3 5 14 2 4 11 7 10 1 15 13
60 11 4 2 7 1 0 10 15 6 9 14 8 3 13 5 12
61 15 8 10 7 0 12 14 1 5 9 6 3 13 11 4 2
62 6 0 5 15 1 14 4 9 2 13 8 10 11 12 7 3
63 9 8 0 2 15 1 4 14 3 10 7 5 11 13 6 12
64 15 10 8 3 0 6 9 5 1 14 13 11 7 2 12 4
65 11 0 15 8 13 12 3 5 10 1 4 6 14 9 7 2
66 5 9 13 14 6 3 7 12 10 8 4 0 15 2 11 1
67 15 1 3 12 4 0 6 5 2 8 14 9 13 10 7 11
68 11 1 7 4 10 13 3 8 9 14 0 15 6 5 2 12
69 0 11 3 12 5 2 1 9 8 10 14 15 7 4 13 6
70 13 11 8 9 0 15 7 10 4 3 6 14 5 12 2 1
71 12 11 0 8 10 2 13 15 5 4 7 3 6 9 14 1
72 5 7 3 12 15 13 14 8 0 10 9 6 1 4 2 11
73 7 1 2 4 8 3 6 11 10 15 0 5 14 12 13 9
74 12 8 14 6 11 4 7 0 5 1 10 15 3 13 9 2
75 5 2 14 0 7 8 6 3 11 12 13 15 4 10 9 1
76 14 13 15 7 11 12 9 5 6 0 2 1 4 8 10 3
77 8 1 7 12 11 0 10 5 9 15 6 13 14 2 3 4
78 14 1 8 15 2 6 0 3 9 12 10 13 4 7 5 11
79 10 8 0 12 3 7 6 2 1 14 4 11 15 13 9 5
80 2 11 15 5 13 4 6 7 12 8 10 1 9 3 14 0
81 14 9 12 13 15 4 8 10 0 2 1 7 3 11 5 6
82 14 3 5 15 11 6 13 9 0 10 2 12 4 1 7 8
83 13 11 4 12 1 8 9 15 6 5 14 2 7 3 10 0
84 14 7 8 2 13 11 10 4 9 12 5 0 3 6 1 15
85 9 7 5 2 14 15 12 10 11 3 6 1 8 13 0 4
86 15 14 0 4 11 1 6 13 7 5 8 9 3 2 10 12
87 14 10 9 4 13 6 5 8 2 12 7 0 1 3 11 15
88 14 3 9 1 15 8 4 5 11 7 10 13 0 2 12 6
89 8 10 9 11 14 1 7 15 13 4 0 12 6 2 5 3
90 12 15 11 10 4 5 14 0 13 7 1 2 9 8 3 6
91 3 2 7 9 0 15 12 4 6 11 5 14 8 13 10 1
92 3 15 2 5 11 6 4 7 12 9 1 0 13 14 10 8
93 15 14 6 7 10 1 0 11 12 8 4 9 2 5 13 3
94 7 6 8 1 11 5 14 10 3 4 9 13 15 2 0 12
95 10 0 2 4 5 1 6 12 11 13 9 7 15 3 14 8
96 11 6 14 12 3 5 1 15 8 0 10 13 9 7 4 2
97 11 14 13 1 2 3 12 4 15 7 9 5 10 6 8 0
98 14 10 2 1 13 9 8 11 7 3 6 12 15 5 4 0
99 15 2 12 11 14 13 9 5 1 3 8 7 0 10 6 4
